

012
012
012
012
012
012
012
012
012
012
012
012
012
012
012
012
012
012
012
012
012
012
012
012
012
012
012
012
012
012
012
012
012
012
012


01245
01254
01245
01254
01254
01254
01245
01245
01452
01452
01254
20154
01452
01452
01245
01254
01245
01245
01245
01542
01254
01245
01254
01254
01254
01254
01245
01254
01245
01254
01245
01254
01245
01245
01245
01254
01245
01254
01542
01245
01254
01254
01254
01254
01254
01254
01245
01542
01245
04512
54012
01542
01245
01254
01245
01452
01254
01245
01245
01254
01254
01245
01245
01254
01254
01245
01254
01245
01254
01245
01245
01254
01245
01254
01452
01542
01452
01542
01254
01245
20154
20145
01452
01542
01452
01542
01245
01254
01254
01245
01245
01254
01245
01254
01245
01254
01542
01452
01254
01245
01245
01254
01254
01245
01254
01245
01254
01245
01254
01245
01245
01254
01254
01245
01245
01254
01254
01245
01245
01254
01254
01245
01245
01254
01245
01254
01245
01254
01254
01245
01245
01254
01254
01245
01542
01452
01245
01254
01254
01245
01254
01245
01254
01245
01254
01245
01254
01245
01254
01245
01245
01254
01542
01452
01245
01254
04512
05412
54012
45012
01542
01452
01245
01254
01254
01245
01245
01254
01452
01542
01254
01245
01245
01254


012546
012546
012465
012456
012645
012546
012564
012456
065412
012465
012654
012546
012546
012546
012546
012546
012465
012546
012654
012546
012546
015642
012465
012546
012564
012456
012465
012654
012645
012546
012564
012456
012465
012654
012645
012465
012456
012645
012654
012546
012564
012456
012465
012546
012564
012645
012654
012645
012654
012465
012456
012564
012546
012546
012564
012456
012465
012654
012645
012564
012546
012654
012645
012456
012465
012456
012465
012546
012564
012645
012654
065412
064512
056412
054612
046512
045612
012465
012456
012645
012654
012546
012564
012654
012645
012564
012546
012465
012456
012546
012564
012456
012465
012654
012645
012546
012564
012456
012465
012654
012645
012546
012564
012456
012465
012654
012645
012546
012564
012456
012465
012654
012645
012546
012564
012456
012465
012654
012645
012465
012456
012645
012654
012546
012564
012546
012564
012456
012465
012654
012645
012654
012645
012564
012546
012465
012456
012546
012564
012456
012465
012654
012645
012546
012564
012456
012465
012654
012645
015642
015462
016542
016452
014562
014652
012465
012456
012645
012654
012546
012564










0125





012457
045127
012457
012547
045127
054127

01289
01289

012589
012589




012548
012548
012458


